1000
0 1
1 2
1 3
2 4
1 5
0 6
2 7
7 8
2 9
6 10
3 11
3 12
9 13
6 14
11 15
11 16
3 17
2 18
18 19
6 20
2 21
14 22
22 23
8 24
16 25
8 26
14 27
17 28
12 29
9 30
25 31
14 32
4 33
17 34
3 35
14 36
5 37
25 38
14 39
1 40
17 41
32 42
11 43
38 44
39 45
12 46
25 47
0 48
30 49
43 50
39 51
6 52
38 53
41 54
14 55
48 56
46 57
50 58
1 59
39 60
26 61
50 62
11 63
40 64
26 65
48 66
53 67
30 68
34 69
28 70
2 71
56 72
52 73
25 74
72 75
75 76
58 77
41 78
42 79
11 80
25 81
60 82
56 83
15 84
22 85
2 86
18 87
37 88
36 89
47 90
18 91
79 92
39 93
62 94
73 95
8 96
85 97
78 98
84 99
52 100
75 101
9 102
3 103
45 104
13 105
66 106
47 107
31 108
27 109
18 110
19 111
38 112
99 113
82 114
14 115
63 116
5 117
78 118
84 119
0 120
52 121
113 122
24 123
25 124
0 125
43 126
106 127
56 128
113 129
24 130
125 131
128 132
95 133
27 134
17 135
126 136
111 137
60 138
84 139
103 140
117 141
100 142
73 143
10 144
48 145
11 146
53 147
103 148
145 149
75 150
53 151
37 152
113 153
64 154
40 155
38 156
117 157
20 158
36 159
156 160
33 161
141 162
114 163
118 164
57 165
99 166
110 167
138 168
111 169
92 170
99 171
121 172
65 173
34 174
67 175
107 176
30 177
69 178
108 179
26 180
146 181
93 182
177 183
129 184
176 185
2 186
48 187
149 188
82 189
64 190
144 191
160 192
73 193
108 194
160 195
21 196
32 197
61 198
178 199
84 200
98 201
88 202
41 203
138 204
74 205
41 206
96 207
132 208
58 209
198 210
129 211
23 212
182 213
19 214
59 215
45 216
180 217
179 218
165 219
95 220
76 221
108 222
212 223
130 224
29 225
20 226
70 227
23 228
38 229
190 230
84 231
126 232
190 233
65 234
96 235
114 236
47 237
91 238
232 239
16 240
140 241
74 242
199 243
64 244
158 245
7 246
220 247
110 248
81 249
194 250
66 251
192 252
30 253
174 254
152 255
205 256
36 257
189 258
255 259
252 260
182 261
152 262
35 263
82 264
196 265
175 266
176 267
165 268
191 269
198 270
196 271
131 272
188 273
3 274
219 275
86 276
0 277
52 278
91 279
235 280
51 281
86 282
74 283
43 284
32 285
31 286
53 287
93 288
202 289
277 290
78 291
21 292
120 293
224 294
142 295
22 296
102 297
160 298
280 299
238 300
252 301
224 302
61 303
171 304
12 305
168 306
247 307
85 308
209 309
221 310
272 311
247 312
238 313
24 314
294 315
157 316
296 317
196 318
22 319
2 320
311 321
190 322
9 323
235 324
51 325
67 326
164 327
228 328
318 329
235 330
24 331
195 332
158 333
188 334
142 335
26 336
117 337
40 338
85 339
92 340
162 341
30 342
243 343
69 344
244 345
87 346
184 347
141 348
224 349
118 350
268 351
337 352
250 353
237 354
149 355
290 356
148 357
277 358
303 359
219 360
236 361
176 362
165 363
314 364
296 365
35 366
202 367
363 368
346 369
339 370
300 371
185 372
83 373
16 374
304 375
135 376
1 377
377 378
359 379
179 380
231 381
188 382
211 383
3 384
28 385
212 386
59 387
291 388
7 389
52 390
135 391
269 392
172 393
339 394
136 395
71 396
102 397
333 398
176 399
47 400
182 401
107 402
348 403
323 404
216 405
26 406
288 407
398 408
20 409
295 410
302 411
81 412
101 413
345 414
183 415
369 416
325 417
161 418
11 419
410 420
317 421
110 422
41 423
352 424
410 425
185 426
243 427
222 428
120 429
149 430
157 431
368 432
0 433
293 434
6 435
75 436
39 437
206 438
353 439
247 440
17 441
191 442
329 443
199 444
339 445
366 446
28 447
250 448
208 449
71 450
176 451
107 452
183 453
290 454
435 455
331 456
336 457
318 458
116 459
163 460
69 461
9 462
296 463
236 464
255 465
281 466
180 467
1 468
72 469
105 470
456 471
388 472
269 473
229 474
208 475
206 476
164 477
213 478
16 479
348 480
119 481
371 482
174 483
308 484
373 485
292 486
78 487
19 488
265 489
37 490
65 491
253 492
416 493
463 494
65 495
245 496
263 497
484 498
131 499
60 500
290 501
45 502
277 503
388 504
396 505
375 506
56 507
151 508
330 509
222 510
505 511
64 512
11 513
298 514
318 515
312 516
488 517
248 518
267 519
451 520
512 521
331 522
481 523
358 524
269 525
244 526
127 527
424 528
253 529
340 530
407 531
76 532
26 533
316 534
275 535
70 536
183 537
330 538
49 539
347 540
449 541
123 542
527 543
60 544
152 545
53 546
121 547
342 548
528 549
133 550
117 551
257 552
513 553
450 554
168 555
231 556
474 557
378 558
332 559
93 560
365 561
455 562
80 563
253 564
126 565
231 566
320 567
536 568
148 569
114 570
25 571
392 572
324 573
84 574
370 575
416 576
469 577
495 578
387 579
491 580
248 581
345 582
39 583
323 584
289 585
27 586
316 587
190 588
560 589
217 590
543 591
591 592
27 593
240 594
497 595
48 596
54 597
147 598
202 599
49 600
474 601
31 602
69 603
466 604
241 605
389 606
439 607
5 608
291 609
372 610
68 611
343 612
520 613
478 614
547 615
140 616
34 617
303 618
98 619
245 620
293 621
198 622
321 623
330 624
591 625
466 626
1 627
515 628
570 629
479 630
446 631
464 632
164 633
590 634
574 635
517 636
40 637
155 638
576 639
341 640
326 641
62 642
290 643
333 644
407 645
405 646
99 647
641 648
318 649
308 650
170 651
220 652
91 653
215 654
572 655
566 656
90 657
22 658
576 659
290 660
62 661
0 662
130 663
303 664
509 665
302 666
650 667
205 668
518 669
46 670
168 671
317 672
152 673
546 674
199 675
566 676
77 677
619 678
319 679
446 680
317 681
562 682
339 683
448 684
532 685
83 686
437 687
420 688
137 689
382 690
329 691
542 692
133 693
541 694
516 695
694 696
563 697
653 698
425 699
535 700
259 701
160 702
634 703
361 704
17 705
124 706
115 707
306 708
579 709
146 710
701 711
643 712
5 713
441 714
205 715
33 716
158 717
326 718
323 719
315 720
616 721
208 722
172 723
590 724
98 725
507 726
614 727
707 728
138 729
141 730
279 731
99 732
425 733
145 734
279 735
114 736
54 737
98 738
126 739
49 740
355 741
131 742
501 743
681 744
256 745
671 746
746 747
456 748
371 749
438 750
347 751
306 752
240 753
488 754
673 755
384 756
155 757
30 758
701 759
373 760
564 761
727 762
280 763
661 764
346 765
56 766
737 767
231 768
598 769
2 770
225 771
653 772
361 773
533 774
740 775
148 776
279 777
348 778
739 779
554 780
563 781
543 782
127 783
546 784
486 785
739 786
120 787
579 788
141 789
148 790
592 791
433 792
217 793
224 794
262 795
691 796
389 797
30 798
262 799
398 800
578 801
174 802
651 803
705 804
403 805
144 806
426 807
231 808
289 809
693 810
535 811
322 812
655 813
452 814
169 815
760 816
141 817
0 818
48 819
305 820
653 821
398 822
622 823
717 824
650 825
122 826
555 827
499 828
676 829
17 830
52 831
442 832
369 833
417 834
175 835
326 836
710 837
346 838
300 839
24 840
608 841
733 842
3 843
77 844
706 845
753 846
612 847
479 848
12 849
743 850
581 851
834 852
640 853
222 854
676 855
314 856
448 857
354 858
6 859
770 860
807 861
296 862
757 863
725 864
79 865
44 866
484 867
428 868
450 869
682 870
249 871
172 872
453 873
672 874
106 875
228 876
535 877
336 878
228 879
100 880
344 881
58 882
793 883
872 884
264 885
687 886
140 887
104 888
596 889
156 890
736 891
171 892
182 893
603 894
197 895
23 896
569 897
180 898
161 899
239 900
512 901
718 902
693 903
137 904
741 905
577 906
905 907
661 908
858 909
676 910
612 911
456 912
532 913
501 914
311 915
846 916
197 917
246 918
913 919
224 920
636 921
438 922
202 923
331 924
712 925
237 926
338 927
143 928
914 929
8 930
799 931
735 932
693 933
857 934
797 935
351 936
53 937
522 938
722 939
912 940
66 941
645 942
931 943
936 944
130 945
285 946
23 947
479 948
126 949
631 950
707 951
859 952
295 953
878 954
523 955
162 956
752 957
645 958
825 959
899 960
111 961
655 962
689 963
203 964
907 965
468 966
589 967
577 968
673 969
776 970
721 971
322 972
674 973
875 974
533 975
852 976
12 977
223 978
311 979
441 980
501 981
226 982
88 983
766 984
262 985
35 986
525 987
915 988
163 989
71 990
743 991
804 992
52 993
670 994
815 995
540 996
290 997
733 998
796 999
